month,temperature
Jan,8.83
Feb,10.33
Mar,15.89
Apr,20.39
May,24.89
Jun,30.0
Jul,31.44
Aug,28.67
Sep,26.44
Oct,20.28
Nov,12.72
Dec,10.22
